91268
76384
97118
21457
67616
14848
51795
38685
77444
28955
93113
61337
85288
66798
31568
59167
34645
53837
44587
34761
61524
19382
88265
37239
47412
77823
32972
22174
92389
37498
57474
96738
32199
77512
47477
82995
67332
91512
49745
73866
74778
46882
33347
17729
51925
61368
28513
41956
21159
32413
67122
87579
17789
51128
24944
55817
54293
38442
93284
39597
31341
44541
51369
35328
33612
84644
55547
78154
34928
85759
51591
53582
45188
86897
91527
63347
14578
41176
98616
97872
15873
44996
95351
99396
63262
62226
36915
84593
28339
56153
51128
81414
62947
33529
26743
36841
55343
41927
46283
89682
41754
59649
55931
38457
72419
72113
18616
85358
81141
68794
71813
92198
55642
32987
92294
23786
42895
72428
71611
64781
14837
45339
57936
31839
25115
56929
34911
34636
42433
74958
28196
17625
85736
77874
98122
87573
35347
98338
25871
44525
28789
38475
81836
22493
49484
44642
89214
41192
35156
96844
